"Player","Team","Pos","G","MP","GS","FG","FGA","FG%","3P","3PA","3P%","2P","2PA","2P%","FT","FTA","FT%","ORB","DRB","TRB","AST","STL","BLK","TOV","PF","PTS"
"Kristine Anigwe","TOT","F-C",13,89,0,10,24,0.417,0,1,0.0,10,23,0.435,5,8,0.625,8,14,22,4,3,5,7,23,25
"Alaina Coates","TOT","C",12,35,0,5,6,0.833,0,0,"",5,6,0.833,1,4,0.25,2,8,10,0,3,0,7,10,11
"Liz Dixon","TOT","F",14,77,0,10,19,0.526,0,0,"",10,19,0.526,7,8,0.875,9,6,15,3,0,3,4,4,27
"Queen Egbo","TOT","F-C",37,475,0,74,148,0.5,0,0,"",74,148,0.5,30,47,0.638,40,118,158,11,15,24,35,86,178
"Destanni Henderson","TOT","G",15,200,1,19,57,0.333,3,24,0.125,16,33,0.485,16,21,0.762,3,9,12,27,7,1,14,18,57
"Joyner Holmes","TOT","F",34,355,2,41,110,0.373,15,48,0.313,26,62,0.419,16,21,0.762,24,60,84,28,9,10,19,39,113
"Ashley Joens","TOT","G",19,127,0,13,36,0.361,10,23,0.435,3,13,0.231,3,6,0.5,0,11,11,1,3,0,5,7,39
"Evina Westbrook","TOT","G",18,128,0,5,30,0.167,2,16,0.125,3,14,0.214,8,8,1.0,3,14,17,10,3,3,10,16,20
"Amanda Zahui B.","TOT","C",34,253,1,18,70,0.257,6,37,0.162,12,33,0.364,15,20,0.75,7,31,38,10,6,18,15,45,57
"Lindsay Allen","MIN","G",29,698,20,65,163,0.399,7,34,0.206,58,129,0.45,42,53,0.792,17,54,71,130,17,3,37,61,179
"Rebecca Allen","CON","F-G",40,858,27,98,240,0.408,40,115,0.348,58,125,0.464,19,27,0.704,28,85,113,37,37,50,34,77,255
"Laeticia Amihere","ATL","F",21,147,0,17,42,0.405,0,1,0.0,17,41,0.415,22,41,0.537,5,15,20,4,5,9,11,21,56
"Ariel Atkins","WAS","G",27,679,27,104,251,0.414,42,124,0.339,62,127,0.488,61,68,0.897,18,65,83,61,32,9,35,71,311
"Shakira Austin","WAS","C-F",19,440,17,77,154,0.5,0,0,"",77,154,0.5,36,59,0.61,29,104,133,17,16,17,35,44,190
"Rachel Banham","MIN","G",32,435,1,61,165,0.37,43,107,0.402,18,58,0.31,11,14,0.786,4,28,32,54,11,3,36,45,176
"Kierstan Bell","LVA","F",36,424,0,53,153,0.346,20,82,0.244,33,71,0.465,6,10,0.6,14,42,56,18,15,5,14,47,132
"Grace Berger","IND","G",36,524,0,57,127,0.449,16,34,0.471,41,93,0.441,21,25,0.84,7,49,56,67,17,6,37,38,151
"Morgan Bertsch","CHI","F",28,398,5,47,103,0.456,16,36,0.444,31,67,0.463,12,16,0.75,12,35,47,19,10,7,30,50,122
"Monique Billings","ATL","F",39,653,9,68,167,0.407,0,4,0.0,68,163,0.417,51,61,0.836,53,141,194,30,16,12,38,76,187
"DeWanna Bonner","CON","G-F",40,1203,40,233,548,0.425,75,228,0.329,158,320,0.494,156,181,0.862,35,189,224,87,42,25,58,64,697
"Aliyah Boston","IND","F-C",40,1249,40,233,403,0.578,4,10,0.4,229,393,0.583,108,145,0.745,125,210,335,89,53,50,75,125,578
"Kalani Brown","DAL","C",32,524,5,90,143,0.629,0,1,0.0,90,142,0.634,69,86,0.802,55,88,143,33,7,22,42,65,249
"Lexie Brown","LAS","G",12,364,11,54,111,0.486,27,65,0.415,27,46,0.587,14,16,0.875,2,23,25,29,11,3,16,14,149
"Leigha Brown","CON","G",25,130,0,8,26,0.308,1,10,0.1,7,16,0.438,4,6,0.667,6,15,21,10,5,2,11,19,21
"Rae Burrell","LAS","G-F",29,322,3,36,93,0.387,16,41,0.39,20,52,0.385,17,21,0.81,13,23,36,18,13,3,15,26,105
"Veronica Burton","DAL","G",40,555,13,25,85,0.294,13,48,0.271,12,37,0.324,31,34,0.912,22,48,70,88,29,10,17,57,94
"Maya Caldwell","IND","G",30,304,1,21,72,0.292,4,29,0.138,17,43,0.395,12,14,0.857,9,18,27,19,9,3,22,27,58
"Jordin Canada","LAS","G",38,1237,38,163,403,0.404,41,123,0.333,122,280,0.436,138,158,0.873,9,107,116,228,86,9,103,89,505
"Emma Cannon","IND","F",30,314,3,61,134,0.455,13,34,0.382,48,100,0.48,40,44,0.909,24,70,94,14,4,2,33,42,175
"Bridget Carleton","MIN","F",38,573,4,41,119,0.345,30,89,0.337,11,30,0.367,11,15,0.733,19,70,89,34,13,3,16,49,123
"DiJonai Carrington","CON","G-F",32,550,0,93,223,0.417,23,62,0.371,70,161,0.435,56,74,0.757,27,65,92,41,20,3,36,68,265
"Kaila Charles","SEA","G-F",4,41,0,3,12,0.25,0,2,0.0,3,10,0.3,0,0,"",3,2,5,1,1,0,0,9,6
"Layshia Clarendon","LAS","G",24,687,24,96,193,0.497,21,46,0.457,75,147,0.51,54,59,0.915,23,50,73,82,27,0,54,63,267
"Alysha Clark","LVA","F",39,876,1,91,205,0.444,51,132,0.386,40,73,0.548,27,33,0.818,21,112,133,42,24,6,28,85,260
"Natasha Cloud","WAS","G",37,1199,37,149,395,0.377,45,151,0.298,104,244,0.426,126,140,0.9,8,130,138,229,39,10,95,95,469
"Nia Clouden","LAS","G",5,54,1,3,10,0.3,1,3,0.333,2,7,0.286,1,2,0.5,0,2,2,9,0,0,8,5,8
"Nia Coffey","ATL","F",31,680,31,83,192,0.432,33,82,0.402,50,110,0.455,15,24,0.625,15,135,150,48,17,37,44,68,214
"Napheesa Collier","MIN","F",37,1238,37,297,613,0.485,34,114,0.298,263,499,0.527,168,200,0.84,70,243,313,94,61,43,89,89,796
"Sydney Colson","LVA","G",28,135,0,12,27,0.444,6,16,0.375,6,11,0.545,5,6,0.833,4,8,12,22,9,1,6,24,35
"Zia Cooke","LAS","G",39,549,4,65,225,0.289,18,69,0.261,47,156,0.301,39,48,0.813,10,27,37,31,13,12,29,36,187
"Kahleah Copper","CHI","G-F",38,1184,38,262,585,0.448,69,171,0.404,193,414,0.466,117,152,0.77,25,142,167,77,35,10,94,93,710
"Lauren Cox","CON","F",1,0,0,0,0,"",0,0,"",0,0,"",0,0,"",0,0,0,0,0,0,0,0,0
"Lorela Cubaj","ATL","F-C",3,19,0,0,1,0.0,0,0,"",0,1,0.0,0,0,"",0,7,7,0,0,1,1,4,0
"Sophie Cunningham","PHO","G",31,898,31,111,269,0.413,58,172,0.337,53,97,0.546,70,80,0.875,17,71,88,65,20,11,46,99,350
"Crystal Dangerfield","DAL","G",35,973,32,119,280,0.425,27,93,0.29,92,187,0.492,22,27,0.815,27,74,101,108,33,7,41,44,287
"Elena Delle Donne","WAS","F-G",23,633,23,142,293,0.485,24,61,0.393,118,232,0.509,75,80,0.938,20,105,125,49,19,20,30,43,383
"Jasmine Dickey","DAL","G",14,87,0,13,34,0.382,0,1,0.0,13,33,0.394,3,6,0.5,7,4,11,1,4,1,5,15,29
"Ivana Dojkić","SEA","G",23,461,15,48,119,0.403,23,55,0.418,25,64,0.391,31,43,0.721,4,36,40,65,18,4,35,44,150
"Stefanie Dolson","NYL","C",23,273,0,35,68,0.515,12,26,0.462,23,42,0.548,11,14,0.786,13,32,45,27,1,6,21,41,93
"AD Durr","ATL","G",36,392,0,62,163,0.38,19,59,0.322,43,104,0.413,30,39,0.769,3,35,38,25,10,3,28,28,173
"Emily Engstler","MIN","F",12,93,0,8,21,0.381,2,7,0.286,6,14,0.429,3,8,0.375,11,18,29,7,5,1,10,8,21
"Dana Evans","CHI","G",39,837,1,116,322,0.36,42,143,0.294,74,179,0.413,76,89,0.854,7,40,47,118,27,4,61,45,350
"Dulcy Fankam Mendjiadeu","SEA","F-C",34,470,21,56,107,0.523,0,1,0.0,56,106,0.528,22,40,0.55,58,91,149,12,13,11,29,71,134
"Cayla George","LVA","C-F",32,273,0,30,104,0.288,15,64,0.234,15,40,0.375,0,3,0.0,15,43,58,13,10,5,27,36,75
"Rebekah Gardner","CHI","G",3,59,0,6,14,0.429,3,5,0.6,3,9,0.333,6,6,1.0,1,10,11,7,6,1,5,8,21
"Cyesha Goree","WAS","F",10,116,0,15,32,0.469,3,14,0.214,12,18,0.667,6,7,0.857,7,5,12,1,3,1,4,12,39
"Allisha Gray","ATL","G",38,1244,38,219,471,0.465,42,118,0.356,177,353,0.501,169,205,0.824,47,139,186,119,40,14,71,100,649
"Chelsea Gray","LVA","G",40,1288,40,225,459,0.49,64,152,0.421,161,307,0.524,96,107,0.897,12,146,158,291,57,25,101,73,610
"Brittney Griner","PHO","C",31,856,31,219,391,0.56,1,9,0.111,218,382,0.571,105,136,0.772,38,157,195,68,16,50,66,64,544
"Arella Guirantes","SEA","G",9,47,0,4,16,0.25,1,6,0.167,3,10,0.3,3,5,0.6,1,5,6,3,1,4,3,3,12
"Megan Gustafson","PHO","C",34,514,4,102,194,0.526,15,43,0.349,87,151,0.576,50,62,0.806,46,85,131,25,13,14,37,65,269
"Dearica Hamby","LAS","F",40,990,19,132,306,0.431,9,41,0.22,123,265,0.464,83,128,0.648,51,185,236,71,34,12,58,86,356
"Linnae Harper","WAS","G",14,73,0,8,26,0.308,4,11,0.364,4,15,0.267,0,0,"",3,6,9,4,2,0,4,11,20
"Tyasha Harris","CON","G",40,668,0,87,209,0.416,39,84,0.464,48,125,0.384,17,25,0.68,5,29,34,68,29,3,41,43,230
"Bernadett Hatar","CON","C",6,47,0,6,16,0.375,0,0,"",6,16,0.375,0,0,"",3,6,9,1,4,2,4,9,12
"Tianna Hawkins","WAS","F",40,923,21,130,265,0.491,29,87,0.333,101,178,0.567,39,52,0.75,61,138,199,56,32,14,47,99,328
"Tiffany Hayes","CON","G",40,1082,40,168,353,0.476,48,131,0.366,120,222,0.541,98,126,0.778,38,82,120,105,34,3,56,114,482
"Ruthy Hebard","CHI","F",19,175,0,31,53,0.585,0,0,"",31,53,0.585,13,20,0.65,18,28,46,7,5,7,4,25,75
"Natisha Hiedeman","CON","G",40,1066,40,123,314,0.392,59,161,0.366,64,153,0.418,34,46,0.739,8,76,84,106,35,4,57,89,339
"Naz Hillmon","ATL","F",40,541,3,59,116,0.509,0,1,0.0,59,115,0.513,46,54,0.852,50,87,137,27,8,3,39,58,164
"Khaalia Hillsman","CHI","C",1,1,0,0,0,"",0,0,"",0,0,"",0,0,"",0,0,0,0,0,0,0,0,0
"Myisha Hines-Allen","WAS","F",35,617,18,73,215,0.34,18,66,0.273,55,149,0.369,33,46,0.717,37,117,154,77,23,6,52,78,197
"Jordan Horston","SEA","F",36,806,17,101,275,0.367,10,41,0.244,91,234,0.389,37,52,0.712,47,135,182,58,44,21,71,79,249
"Natasha Howard","DAL","F",39,1289,39,247,539,0.458,38,127,0.299,209,412,0.507,110,135,0.815,84,229,313,100,50,45,109,140,642
"Rhyne Howard","ATL","G",39,1283,39,226,587,0.385,99,281,0.352,127,306,0.415,130,165,0.788,26,167,193,138,51,25,75,110,681
"Lexie Hull","IND","G",30,619,25,54,145,0.372,13,60,0.217,41,85,0.482,17,22,0.773,35,47,82,32,30,9,30,84,138
"Sabrina Ionescu","NYL","G",36,1134,36,195,461,0.423,128,286,0.448,67,175,0.383,95,109,0.872,29,171,200,193,37,10,94,61,613
"Moriah Jefferson","PHO","G",39,972,36,165,381,0.433,38,107,0.355,127,274,0.464,41,50,0.82,9,68,77,140,43,7,63,84,409
"Marine Johannes","NYL","G",35,662,5,89,215,0.414,56,152,0.368,33,63,0.524,15,20,0.75,8,42,50,58,23,2,47,55,249
"Brionna Jones","CON","F",13,412,13,80,140,0.571,2,4,0.5,78,136,0.574,45,58,0.776,41,65,106,31,24,7,29,53,207
"Haley Jones","ATL","F-G",40,584,6,56,166,0.337,6,28,0.214,50,138,0.362,31,41,0.756,14,80,94,92,16,12,54,69,149
"Jonquel Jones","NYL","C",40,1001,40,176,334,0.527,32,91,0.352,144,243,0.593,69,80,0.863,103,233,336,73,23,51,83,113,453
"Dorka Juhász","MIN","F",38,919,27,94,199,0.472,13,48,0.271,81,151,0.536,27,50,0.54,64,182,246,99,36,23,47,70,228
"Sika Koné","CHI","F",20,186,0,25,47,0.532,2,6,0.333,23,41,0.561,20,26,0.769,22,37,59,10,3,1,21,34,72
"Awak Kuier","DAL","F",37,399,4,36,91,0.396,2,23,0.087,34,68,0.5,21,27,0.778,23,71,94,20,7,24,22,30,95
"Betnijah Laney-Hamilton","NYL","G-F",40,1201,40,200,401,0.499,60,153,0.392,140,248,0.565,53,67,0.791,30,100,130,97,34,4,75,86,513
"Jewell Loyd","SEA","G",38,1344,38,285,770,0.37,115,323,0.356,170,447,0.38,254,286,0.888,41,137,178,131,38,16,105,63,939
"Marina Mabrey","CHI","G",39,1169,39,202,491,0.411,89,228,0.39,113,263,0.43,92,110,0.836,34,112,146,140,29,18,86,93,585
"Ezi Magbegor","SEA","F-C",40,1304,40,217,423,0.513,30,78,0.385,187,345,0.542,86,123,0.699,64,258,322,102,45,74,94,129,550
"Kayla McBride","MIN","G",38,1208,38,187,441,0.424,83,243,0.342,104,198,0.525,85,98,0.867,14,108,122,85,47,6,65,63,542
"Teaira McCowan","DAL","C",30,783,29,150,272,0.551,0,4,0.0,150,268,0.56,58,99,0.586,104,168,272,45,16,35,46,100,358
"Aari McDonald","ATL","G",24,565,9,66,164,0.402,25,78,0.321,41,86,0.477,32,42,0.762,6,42,48,73,15,0,39,38,189
"Jade Melbourne","SEA","G",29,307,0,25,64,0.391,3,20,0.15,22,44,0.5,23,29,0.793,6,28,34,35,12,1,26,46,76
"Li Meng","WAS","G",34,539,1,62,164,0.378,44,121,0.364,18,43,0.419,22,26,0.846,6,30,36,35,10,1,28,38,190
"Abby Meyers","WAS","G",9,36,0,5,13,0.385,0,4,0.0,5,9,0.556,3,3,1.0,1,3,4,0,1,2,1,5,13
"Taylor Mikesell","ATL","G",6,29,0,5,10,0.5,3,7,0.429,2,3,0.667,4,4,1.0,0,2,2,2,0,0,1,0,17
"Nikolina Milic","MIN","F",39,494,3,89,192,0.464,8,22,0.364,81,170,0.476,45,56,0.804,28,65,93,33,4,5,42,68,231
"Diamond Miller","MIN","F",32,834,32,140,347,0.403,31,101,0.307,109,246,0.443,76,96,0.792,22,91,113,80,30,11,73,81,387
"Kelsey Mitchell","IND","G",40,1349,40,245,555,0.441,102,256,0.398,143,299,0.478,136,165,0.824,13,52,65,125,37,2,92,81,728
"Tiffany Mitchell","MIN","G",33,763,21,86,213,0.404,13,45,0.289,73,168,0.435,55,66,0.833,18,58,76,76,16,3,70,88,240
"Olivia Nelson-Ododa","CON","C",39,585,0,65,121,0.537,0,0,"",65,121,0.537,46,65,0.708,50,94,144,23,20,33,30,87,176
"Kia Nurse","SEA","G",40,789,20,80,233,0.343,50,143,0.35,30,90,0.333,24,27,0.889,12,79,91,53,24,2,29,77,234
"Arike Ogunbowale","DAL","G",40,1489,40,299,752,0.398,117,341,0.343,182,411,0.443,134,153,0.876,19,116,135,181,68,4,105,109,849
"Chiney Ogwumike","LAS","F-C",10,212,4,34,79,0.43,1,13,0.077,33,66,0.5,15,21,0.714,14,29,43,13,13,3,12,37,84
"Nneka Ogwumike","LAS","F",36,1119,36,264,516,0.512,21,62,0.339,243,454,0.535,140,161,0.87,60,256,316,97,61,26,80,92,689
"Michaela Onyenwere","PHO","F",40,953,27,130,322,0.404,35,111,0.315,95,211,0.45,60,79,0.759,48,99,147,51,30,19,81,114,355
"Candace Parker","LVA","F-C",18,425,18,60,129,0.465,17,51,0.333,43,78,0.551,25,28,0.893,16,81,97,67,27,16,31,35,162
"Cheyenne Parker-Tyus","ATL","F",40,1066,38,232,481,0.482,15,54,0.278,217,427,0.508,121,146,0.829,87,180,267,71,43,59,90,114,600
"Robyn Parks","CHI","F",37,505,2,53,139,0.381,32,87,0.368,21,52,0.404,7,7,1.0,15,44,59,16,12,5,19,35,145
"Shey Peddy","PHO","G",18,285,0,31,84,0.369,16,46,0.348,15,38,0.395,16,20,0.8,7,26,33,33,15,1,10,30,94
"Kelsey Plum","LVA","G",39,1265,39,249,524,0.475,95,244,0.389,154,280,0.55,135,148,0.912,9,86,95,177,43,0,82,94,728
"Aerial Powers","MIN","G",20,195,0,38,92,0.413,6,19,0.316,32,73,0.438,22,24,0.917,6,30,36,15,3,2,18,6,104
"Epiphanny Prince","NYL","G",10,71,0,6,15,0.4,3,10,0.3,3,5,0.6,3,3,1.0,1,5,6,8,2,1,7,6,18
"Danielle Robinson","ATL","G",32,690,27,71,154,0.461,9,31,0.29,62,123,0.504,36,48,0.75,8,61,69,104,23,3,43,64,187
"Iliana Rupert","ATL","C",20,158,0,12,34,0.353,6,22,0.273,6,12,0.5,5,8,0.625,7,32,39,10,7,7,10,22,35
"Mercedes Russell","SEA","C",37,705,13,81,157,0.516,0,1,0.0,81,156,0.519,23,38,0.605,39,110,149,48,16,17,55,56,185
"Nyara Sabally","NYL","C",33,260,0,25,59,0.424,2,9,0.222,23,50,0.46,24,32,0.75,19,51,70,7,4,7,18,38,76
"Satou Sabally","DAL","F",38,1258,38,237,545,0.435,66,183,0.361,171,362,0.472,167,191,0.874,86,222,308,167,68,16,110,135,707
"Karlie Samuelson","LAS","G",34,888,23,82,177,0.463,49,115,0.426,33,62,0.532,48,51,0.941,11,90,101,68,22,3,30,81,261
"Victaria Saxton","IND","F",15,54,0,6,18,0.333,1,2,0.5,5,16,0.313,6,7,0.857,2,8,10,0,1,0,6,9,19
"Jessica Shepard","MIN","F",21,565,17,65,126,0.516,0,2,0.0,65,124,0.524,41,53,0.774,44,105,149,67,12,2,30,42,171
"Maddy Siegrist","DAL","F",39,319,0,57,112,0.509,5,15,0.333,52,97,0.536,27,29,0.931,36,25,61,8,8,7,9,28,146
"Jennie Simms","PHO","G",6,70,0,4,14,0.286,0,5,0.0,4,9,0.444,5,7,0.714,4,9,13,3,2,0,6,7,13
"Odyssey Sims","DAL","G",28,335,0,21,69,0.304,2,15,0.133,19,54,0.352,11,20,0.55,8,29,37,62,12,0,17,31,55
"Kadi Sissoko","PHO","F",40,336,0,23,62,0.371,3,18,0.167,20,44,0.455,10,16,0.625,17,45,62,8,3,5,26,43,59
"Alanna Smith","CHI","F",38,1007,35,132,265,0.498,30,102,0.294,102,163,0.626,55,81,0.679,70,179,249,68,49,50,56,116,349
"NaLyssa Smith","IND","F",31,885,28,188,394,0.477,19,67,0.284,169,327,0.517,84,124,0.677,64,221,285,44,10,10,84,93,479
"Taylor Soule","CHI","F",15,53,0,2,14,0.143,0,3,0.0,2,11,0.182,5,8,0.625,3,5,8,3,0,1,4,6,9
"Azura Stevens","LAS","F-C",35,910,29,149,369,0.404,35,109,0.321,114,260,0.438,46,61,0.754,54,153,207,40,41,32,52,90,379
"Breanna Stewart","NYL","F",40,1365,40,316,680,0.465,82,231,0.355,234,449,0.521,205,241,0.851,64,307,371,150,58,63,58,75,919
"Kiah Stokes","LVA","C",40,792,22,36,83,0.434,5,27,0.185,31,56,0.554,9,18,0.5,45,189,234,23,26,39,17,70,86
"Sug Sutton","PHO","G",40,1051,12,126,327,0.385,30,89,0.337,96,238,0.403,46,57,0.807,14,88,102,190,27,3,99,62,328
"Brittney Sykes","WAS","G",40,1252,40,229,522,0.439,56,160,0.35,173,362,0.478,122,153,0.797,38,160,198,153,84,13,96,115,636
"Diana Taurasi","PHO","G",26,709,26,128,318,0.403,64,187,0.342,64,131,0.489,95,112,0.848,2,91,93,120,13,12,78,67,415
"Alyssa Thomas","CON","F",40,1446,40,243,513,0.474,0,3,0.0,243,510,0.476,133,186,0.715,80,314,394,316,73,19,137,109,619
"Jasmine Thomas","LAS","G",32,410,7,30,110,0.273,15,62,0.242,15,48,0.313,10,11,0.909,10,24,34,42,9,6,21,28,85
"Sam Thomas","PHO","G-F",1,11,0,0,2,0.0,0,0,"",0,2,0.0,0,0,"",0,1,1,0,0,0,0,1,0
"Kayla Thornton","NYL","F",40,693,0,65,150,0.433,25,80,0.313,40,70,0.571,23,30,0.767,48,93,141,27,28,10,20,66,178
"Kristi Toliver","WAS","G",11,99,0,13,39,0.333,10,28,0.357,3,11,0.273,4,5,0.8,1,7,8,8,3,0,7,9,40
"Kayana Traylor","MIN","G",8,35,0,3,10,0.3,0,1,0.0,3,9,0.333,2,2,1.0,1,0,1,3,2,0,3,5,8
"Brianna Turner","PHO","F-C",40,1052,33,67,103,0.65,0,0,"",67,103,0.65,6,12,0.5,50,203,253,50,39,44,60,89,140
"Yvonne Turner","SEA","G",21,193,7,19,41,0.463,1,3,0.333,18,38,0.474,14,18,0.778,2,21,23,18,8,2,14,14,53
"Courtney Vandersloot","NYL","G",39,1187,39,161,364,0.442,37,126,0.294,124,238,0.521,51,67,0.761,19,117,136,314,51,23,104,78,410
"Victoria Vivians","IND","G-F",38,674,14,73,192,0.38,27,94,0.287,46,98,0.469,23,30,0.767,19,100,119,49,27,6,31,72,196
"Shatori Walker-Kimbrough","WAS","G",40,993,15,87,203,0.429,32,82,0.39,55,121,0.455,44,47,0.936,8,74,82,66,29,14,26,48,250
"Kristy Wallace","IND","G",37,728,9,93,232,0.401,37,85,0.435,56,147,0.381,21,28,0.75,22,60,82,71,23,9,49,64,244
"Erica Wheeler","IND","G",40,1071,40,146,367,0.398,30,97,0.309,116,270,0.43,72,82,0.878,16,104,120,201,44,3,83,96,394
"Sami Whitcomb","SEA","G",40,978,19,128,320,0.4,89,231,0.385,39,89,0.438,44,53,0.83,19,95,114,115,35,14,80,74,389
"Courtney Williams","CHI","G",40,1204,40,176,403,0.437,47,106,0.443,129,297,0.434,15,25,0.6,38,203,241,251,38,12,98,65,414
"Elizabeth Williams","CHI","C-F",40,1188,40,167,325,0.514,0,0,"",167,325,0.514,58,92,0.63,90,142,232,98,50,60,54,101,392
"Gabby Williams","SEA","F",10,285,8,34,94,0.362,5,23,0.217,29,71,0.408,11,13,0.846,14,22,36,38,15,4,22,19,84
"Madi Williams","PHO","G-F",5,46,0,5,15,0.333,0,3,0.0,5,12,0.417,0,0,"",2,3,5,1,2,1,6,6,10
"Jocelyn Willoughby","NYL","F-G",29,192,0,12,30,0.4,7,16,0.438,5,14,0.357,4,4,1.0,10,13,23,11,3,0,8,19,35
"A'ja Wilson","LVA","C",40,1228,40,335,601,0.557,9,29,0.31,326,572,0.57,233,287,0.812,82,298,380,64,56,89,62,85,912
"Han Xu","NYL","C",8,36,0,6,20,0.3,0,7,0.0,6,13,0.462,0,0,"",3,4,7,0,2,1,5,2,12
"Jackie Young","LVA","G",40,1259,40,249,476,0.523,89,198,0.449,160,278,0.576,117,135,0.867,26,134,160,151,52,5,70,80,704
