Player,Team,Pos,G,MP,GS,FG,FGA,FG%,3P,3PA,3P%,2P,2PA,2P%,FT,FTA,FT%,ORB,DRB,TRB,AST,STL,BLK,TOV,PF,PTS
Grace Berger,TOT,G,4,55,0,2,11,0.182,0,5,0.0,2,6,0.333,0,2,0.0,2,8,10,5,0,1,5,7,4
Chloe Bibby,TOT,F,6,77,0,13,32,0.406,10,23,0.435,3,9,0.333,4,4,1.0,4,12,16,3,3,1,0,6,40
DeWanna Bonner,TOT,G-F,15,345,4,41,103,0.398,17,46,0.37,24,57,0.421,34,41,0.829,10,54,64,23,14,3,13,21,133
Marquesha Davis,TOT,G,11,52,0,2,10,0.2,0,4,0.0,2,6,0.333,6,7,0.857,3,4,7,1,0,2,6,3,10
Haley Jones,TOT,F-G,13,236,1,34,72,0.472,4,10,0.4,30,62,0.484,9,12,0.75,6,32,38,25,10,8,15,21,81
Liatu King,TOT,F,14,136,0,13,27,0.481,1,6,0.167,12,21,0.571,11,15,0.733,12,17,29,4,2,0,11,14,38
Tiffany Mitchell,TOT,G,23,352,3,27,72,0.375,7,21,0.333,20,51,0.392,28,40,0.7,10,25,35,10,10,6,18,40,89
NaLyssa Smith,TOT,F,29,585,25,80,173,0.462,3,15,0.2,77,158,0.487,47,76,0.618,54,99,153,22,16,22,31,83,210
Stephanie Talbot,TOT,F,20,318,10,25,67,0.373,9,36,0.25,16,31,0.516,10,17,0.588,15,48,63,36,12,4,25,28,69
Julie Vanloo,TOT,G,18,290,2,25,74,0.338,19,63,0.302,6,11,0.545,5,6,0.833,4,18,22,51,7,0,33,29,74
Li Yueru,TOT,C,24,418,11,48,113,0.425,13,33,0.394,35,80,0.438,38,44,0.864,44,72,116,21,7,7,23,51,147
Monique Akoa Makani,PHO,G,23,490,23,72,159,0.453,32,73,0.438,40,86,0.465,26,28,0.929,15,31,46,60,22,2,31,61,202
Julie Allemand,LAS,G,17,422,10,26,64,0.406,14,46,0.304,12,18,0.667,10,11,0.909,7,51,58,71,19,0,30,32,76
Lindsay Allen,CON,G,19,254,3,15,40,0.375,2,12,0.167,13,28,0.464,9,11,0.818,0,13,13,41,6,4,21,20,41
Rebecca Allen,CHI,F-G,26,541,13,61,163,0.374,32,91,0.352,29,72,0.403,14,23,0.609,11,68,79,43,16,13,32,43,168
Laeticia Amihere,GSV,F,15,219,0,33,69,0.478,0,9,0.0,33,60,0.55,24,34,0.706,18,51,69,21,11,9,22,26,90
Ariel Atkins,CHI,G,21,624,21,102,240,0.425,28,79,0.354,74,161,0.46,60,70,0.857,14,52,66,74,39,18,52,66,292
Shakira Austin,WAS,C-F,23,511,15,117,248,0.472,0,6,0.0,117,242,0.483,58,87,0.667,45,111,156,41,24,26,61,55,292
Marième Badiane,MIN,C,3,11,0,0,3,0.0,0,1,0.0,0,2,0.0,0,0,,1,0,1,0,2,0,2,6,0
Rachel Banham,CHI,G,26,600,15,79,193,0.409,56,144,0.389,23,49,0.469,31,33,0.939,4,29,33,60,15,5,36,50,245
Sarah Ashlee Barker,LAS,G,23,373,7,25,78,0.321,16,49,0.327,9,29,0.31,14,18,0.778,7,46,53,23,10,4,32,39,80
Kierstan Bell,LVA,F,20,201,2,30,86,0.349,17,57,0.298,13,29,0.448,11,11,1.0,10,20,30,5,6,6,7,14,88
Monique Billings,GSV,F,21,373,8,61,123,0.496,8,28,0.286,53,95,0.558,28,44,0.636,31,68,99,9,13,16,17,36,158
Aliyah Boston,IND,F-C,26,786,26,161,294,0.548,5,21,0.238,156,273,0.571,73,90,0.811,57,150,207,101,22,27,43,90,400
Crystal Bradford,LVA,F,4,24,0,2,6,0.333,0,2,0.0,2,4,0.5,0,0,,2,3,5,1,2,0,1,3,4
Cameron Brink,LAS,F,1,14,0,1,3,0.333,1,3,0.333,0,0,,2,2,1.0,1,2,3,1,1,1,1,2,5
Jaelyn Brown,CON,G-F,10,131,0,14,37,0.378,8,18,0.444,6,19,0.316,1,2,0.5,4,8,12,1,5,2,5,17,37
Kalani Brown,PHO,C,21,285,0,47,72,0.653,2,7,0.286,45,65,0.692,20,25,0.8,27,61,88,14,6,14,20,35,116
Lexie Brown,SEA,G,18,177,0,12,38,0.316,8,30,0.267,4,8,0.5,7,10,0.7,2,12,14,13,8,0,6,16,39
Paige Bueckers,DAL,G,21,722,21,142,312,0.455,25,74,0.338,117,238,0.492,73,86,0.849,15,68,83,115,39,14,47,55,382
Kennedy Burke,NYL,G-F,24,524,6,70,141,0.496,38,80,0.475,32,61,0.525,24,32,0.75,14,41,55,29,26,15,24,31,202
Rae Burrell,LAS,G-F,10,151,0,23,49,0.469,6,16,0.375,17,33,0.515,11,19,0.579,3,17,20,9,4,2,7,16,63
Veronica Burton,GSV,G,25,717,25,72,205,0.351,33,98,0.337,39,107,0.364,90,104,0.865,32,74,106,125,26,11,52,61,267
Maya Caldwell,ATL,G,24,365,9,37,102,0.363,16,57,0.281,21,45,0.467,6,10,0.6,20,37,57,36,19,5,20,31,96
Jordin Canada,ATL,G,19,542,19,74,189,0.392,19,63,0.302,55,126,0.437,54,69,0.783,6,61,67,103,28,5,40,30,221
Emma Cannon,LAS,F,20,206,0,32,62,0.516,14,35,0.4,18,27,0.667,15,23,0.652,11,26,37,7,9,1,15,36,93
Kamilla Cardoso,CHI,C,22,550,21,110,214,0.514,1,1,1.0,109,213,0.512,53,72,0.736,65,109,174,36,8,16,53,66,274
Bridget Carleton,MIN,F,27,777,27,67,168,0.399,37,106,0.349,30,62,0.484,13,17,0.765,26,75,101,65,27,8,23,57,184
DiJonai Carrington,DAL,G-F,18,456,13,69,198,0.348,13,50,0.26,56,148,0.378,45,55,0.818,41,55,96,32,21,7,43,48,196
Kaila Charles,DAL,G-F,17,269,4,29,80,0.363,10,30,0.333,19,50,0.38,22,27,0.815,25,43,68,18,9,4,16,32,90
Tina Charles,CON,C,25,707,24,144,343,0.42,6,23,0.261,138,320,0.431,109,124,0.879,39,105,144,42,20,9,55,44,403
Kaitlyn Chen,GSV,G,11,152,0,14,26,0.538,4,8,0.5,10,18,0.556,5,7,0.714,3,9,12,13,4,0,11,11,37
Sonia Citron,WAS,G,26,852,26,124,270,0.459,41,109,0.376,83,161,0.516,80,89,0.899,19,108,127,58,29,11,51,58,369
Alysha Clark,SEA,F,26,480,7,34,88,0.386,16,53,0.302,18,35,0.514,11,13,0.846,9,54,63,27,19,2,17,53,95
Caitlin Clark,IND,G,13,404,13,72,196,0.367,29,104,0.279,43,92,0.467,41,50,0.82,1,64,65,115,21,7,66,35,214
Natasha Cloud,NYL,G,24,689,24,85,199,0.427,30,91,0.33,55,108,0.509,43,46,0.935,8,78,86,143,32,9,42,76,243
Nia Coffey,ATL,F,26,271,2,28,83,0.337,15,55,0.273,13,28,0.464,19,30,0.633,17,51,68,26,6,8,21,33,90
Napheesa Collier,MIN,F,24,793,24,207,390,0.531,31,88,0.352,176,302,0.583,119,129,0.922,49,135,184,83,43,39,54,60,564
Sydney Colson,IND,G,25,359,6,22,65,0.338,10,40,0.25,12,25,0.48,6,7,0.857,5,17,22,53,12,5,29,30,60
Zia Cooke,SEA,G,24,250,0,27,78,0.346,13,34,0.382,14,44,0.318,13,19,0.684,6,7,13,13,9,1,21,26,80
Kahleah Copper,PHO,G-F,9,217,9,43,104,0.413,17,42,0.405,26,62,0.419,27,33,0.818,3,25,28,14,10,1,25,25,130
Sophie Cunningham,IND,G,21,511,4,49,113,0.434,32,80,0.4,17,33,0.515,28,32,0.875,12,69,81,16,21,2,23,46,158
Damiris Dantas,IND,C-F,20,246,0,30,90,0.333,13,49,0.265,17,41,0.415,19,22,0.864,15,34,49,10,5,3,16,38,92
Kariata Diaby,CON,C,13,103,0,7,14,0.5,0,0,,7,14,0.5,11,14,0.786,3,10,13,5,6,1,12,19,25
Skylar Diggins,SEA,G,26,820,26,147,340,0.432,38,97,0.392,109,243,0.449,108,137,0.788,13,62,75,152,27,22,61,66,440
Stefanie Dolson,WAS,C,26,412,11,33,90,0.367,13,49,0.265,20,41,0.488,5,8,0.625,10,51,61,40,9,8,20,65,84
Aaliyah Edwards,WAS,F,19,270,0,44,90,0.489,0,7,0.0,44,83,0.53,34,54,0.63,24,44,68,8,10,6,23,28,122
Emily Engstler,WAS,F,22,236,0,20,51,0.392,6,27,0.222,14,24,0.583,12,18,0.667,23,47,70,27,10,11,19,26,58
Dana Evans,LVA,G,27,478,0,64,171,0.374,19,59,0.322,45,112,0.402,32,43,0.744,5,24,29,52,13,3,21,35,179
Temi Fagbenle,GSV,C,20,483,19,69,130,0.531,7,32,0.219,62,98,0.633,16,25,0.64,43,64,107,36,21,13,31,66,161
Sania Feagin,LAS,F,11,58,0,7,22,0.318,0,4,0.0,7,18,0.389,0,2,0.0,2,5,7,1,0,6,7,11,14
Leonie Fiebich,NYL,F,18,497,18,58,102,0.569,28,57,0.491,30,45,0.667,23,27,0.852,10,63,73,20,17,12,25,45,167
Rebekah Gardner,NYL,G,24,307,4,35,71,0.493,11,27,0.407,24,44,0.545,15,18,0.833,18,29,47,14,12,5,12,42,96
Luisa Geiselsoder,DAL,C,16,365,12,50,102,0.49,15,45,0.333,35,57,0.614,4,5,0.8,16,63,79,22,13,14,15,37,119
Allisha Gray,ATL,G,26,925,26,149,343,0.434,61,160,0.381,88,183,0.481,121,150,0.807,23,122,145,99,30,10,50,71,480
Chelsea Gray,LVA,G,27,816,27,103,242,0.426,39,109,0.358,64,133,0.481,63,69,0.913,18,89,107,123,33,19,83,54,308
Brittney Griner,ATL,C,24,567,24,105,203,0.517,4,14,0.286,101,189,0.534,48,64,0.75,20,115,135,20,2,27,42,52,262
Megan Gustafson,LVA,C,8,118,0,9,29,0.31,5,21,0.238,4,8,0.5,5,13,0.385,4,16,20,4,2,1,3,23,28
Bree Hall,GSV,G,2,8,0,1,2,0.5,0,1,0.0,1,1,1.0,1,3,0.333,0,2,2,0,0,0,2,1,3
Dearica Hamby,LAS,F,26,832,26,179,318,0.563,11,37,0.297,168,281,0.598,85,147,0.578,71,135,206,89,45,13,73,72,454
Isabelle Harrison,NYL,F,22,231,1,40,77,0.519,2,8,0.25,38,69,0.551,20,28,0.714,20,43,63,14,14,1,14,27,102
Tyasha Harris,DAL,G,5,82,0,8,18,0.444,5,11,0.455,3,7,0.429,2,2,1.0,1,4,5,13,2,2,3,5,23
Bria Hartley,CON,G,25,573,19,73,205,0.356,39,106,0.368,34,99,0.343,57,67,0.851,6,43,49,76,21,0,45,63,242
Tiffany Hayes,GSV,G,18,480,16,75,173,0.434,34,76,0.447,41,97,0.423,44,52,0.846,10,55,65,52,9,3,37,38,228
Lexi Held,PHO,G,17,321,0,46,118,0.39,22,69,0.319,24,49,0.49,16,20,0.8,8,19,27,23,21,5,20,26,130
Natisha Hiedeman,MIN,G,27,486,0,76,170,0.447,18,70,0.257,58,100,0.58,28,37,0.757,3,47,50,79,13,4,30,45,198
Naz Hillmon,ATL,F,26,557,0,72,151,0.477,27,84,0.321,45,67,0.672,25,32,0.781,35,97,132,51,12,11,27,43,196
Myisha Hines-Allen,DAL,F,24,504,15,59,126,0.468,8,27,0.296,51,99,0.515,26,37,0.703,27,97,124,68,18,11,56,64,152
Joyner Holmes,LVA,F,6,29,0,3,12,0.25,1,5,0.2,2,7,0.286,0,0,,2,4,6,0,0,0,2,5,7
Mackenzie Holmes,SEA,F,7,35,0,2,4,0.5,0,0,,2,4,0.5,0,0,,3,3,6,1,2,1,0,4,4
Natasha Howard,IND,F,26,623,26,120,221,0.543,5,20,0.25,115,201,0.572,54,79,0.684,52,119,171,28,30,12,52,70,299
Rhyne Howard,ATL,G,19,670,19,99,284,0.349,56,185,0.303,43,99,0.434,60,75,0.8,21,74,95,86,31,18,37,62,314
Lexie Hull,IND,G,26,688,18,71,167,0.425,32,75,0.427,39,92,0.424,15,25,0.6,36,79,115,45,27,5,22,68,189
Sabrina Ionescu,NYL,G,24,751,24,151,382,0.395,60,190,0.316,91,192,0.474,100,107,0.935,17,93,110,138,36,11,68,34,462
Kiki Iriafen,WAS,F,26,694,26,116,252,0.46,0,2,0.0,116,250,0.464,78,103,0.757,70,151,221,36,17,3,50,85,310
Rickea Jackson,LAS,F,21,636,20,105,251,0.418,25,84,0.298,80,167,0.479,43,54,0.796,16,47,63,41,13,9,48,43,278
Aziaha James,DAL,G,23,445,6,64,172,0.372,23,70,0.329,41,102,0.402,35,44,0.795,21,45,66,42,15,6,26,28,186
Moriah Jefferson,CHI,G,5,35,1,3,8,0.375,1,3,0.333,2,5,0.4,0,0,,0,5,5,9,0,0,2,3,7
Marine Johannes,NYL,G,25,453,1,61,136,0.449,40,107,0.374,21,29,0.724,9,11,0.818,10,42,52,37,17,7,31,28,171
Brionna Jones,ATL,F,26,734,26,127,253,0.502,9,35,0.257,118,218,0.541,61,83,0.735,77,115,192,64,26,15,42,65,324
Jonquel Jones,NYL,C,13,316,13,59,135,0.437,22,53,0.415,37,82,0.451,39,49,0.796,25,96,121,30,6,13,20,29,179
Elizabeth Kitley,LVA,C,12,98,1,7,23,0.304,0,1,0.0,7,22,0.318,1,2,0.5,4,13,17,1,4,6,7,18,15
Sika Koné,WAS,F,11,74,0,7,18,0.389,1,3,0.333,6,15,0.4,8,9,0.889,3,15,18,5,0,0,6,10,23
Anastasiia Kosu,MIN,F,13,37,0,7,14,0.5,0,1,0.0,7,13,0.538,7,11,0.636,4,1,5,1,1,2,3,3,21
Leïla Lacan,CON,G,8,192,1,26,58,0.448,4,22,0.182,22,36,0.611,12,13,0.923,6,13,19,22,15,1,15,26,68
Kitija Laksa,PHO,F,24,532,5,62,163,0.38,36,107,0.336,26,56,0.464,18,24,0.75,10,23,33,19,11,4,15,40,178
Carla Leite,GSV,G,19,315,3,45,113,0.398,6,44,0.136,39,69,0.565,40,46,0.87,7,20,27,37,12,2,31,34,136
Kyara Linskens,GSV,C,4,27,0,2,5,0.4,0,1,0.0,2,4,0.5,0,0,,1,5,6,1,1,3,2,7,4
Jewell Loyd,LVA,G,27,780,25,98,265,0.37,52,146,0.356,46,119,0.387,41,48,0.854,38,67,105,50,25,3,34,56,289
Marina Mabrey,CON,G,16,473,15,81,224,0.362,34,119,0.286,47,105,0.448,32,38,0.842,7,62,69,61,10,7,46,52,228
Natasha Mack,PHO,F,15,261,6,28,47,0.596,0,3,0.0,28,44,0.636,12,21,0.571,31,57,88,12,21,20,9,29,68
Ezi Magbegor,SEA,F-C,27,735,27,90,183,0.492,4,27,0.148,86,156,0.551,42,62,0.677,57,112,169,59,20,59,23,74,226
Dominique Malonga,SEA,C,26,263,0,58,117,0.496,1,9,0.111,57,108,0.528,12,17,0.706,23,68,91,19,7,9,31,43,129
Rayah Marshall,CON,C-F,10,64,0,7,18,0.389,0,1,0.0,7,17,0.412,4,7,0.571,5,14,19,3,1,1,5,6,18
Kate Martin,GSV,G,23,376,2,51,146,0.349,32,94,0.34,19,52,0.365,19,25,0.76,4,49,53,17,9,2,23,24,153
Kayla McBride,MIN,G,23,724,23,104,252,0.413,58,155,0.374,46,97,0.474,56,59,0.949,4,53,57,73,28,2,37,31,322
Megan McConnell,PHO,G,1,13,0,1,4,0.25,1,2,0.5,0,2,0.0,0,0,,1,0,1,3,1,0,0,1,3
Teaira McCowan,DAL,C,16,207,0,34,65,0.523,1,2,0.5,33,63,0.524,20,27,0.741,29,46,75,10,5,11,15,23,89
Aari McDonald,IND,G,15,378,8,43,105,0.41,14,53,0.264,29,52,0.558,26,34,0.765,7,25,32,66,21,2,29,35,126
Jade Melbourne,WAS,G,25,585,4,55,140,0.393,21,63,0.333,34,77,0.442,26,44,0.591,10,40,50,67,16,3,40,60,157
Diamond Miller,MIN,F,24,239,0,30,62,0.484,14,26,0.538,16,36,0.444,28,33,0.848,4,18,22,15,7,4,20,37,102
Kelsey Mitchell,IND,G,26,809,26,191,408,0.468,62,162,0.383,129,246,0.524,81,106,0.764,8,38,46,73,24,5,36,51,525
Aneesah Morrow,CON,F,22,346,4,56,147,0.381,9,36,0.25,47,111,0.423,37,47,0.787,34,83,117,12,16,8,25,48,158
Murjanatu Musa,PHO,C,12,122,0,16,35,0.457,1,2,0.5,15,33,0.455,7,11,0.636,18,13,31,7,4,2,7,17,40
Olivia Nelson-Ododa,CON,C,24,553,20,76,153,0.497,0,1,0.0,76,152,0.5,54,73,0.74,43,94,137,21,17,32,29,64,206
Kia Nurse,CHI,G,26,608,15,64,180,0.356,38,111,0.342,26,69,0.377,24,30,0.8,15,55,70,28,10,2,31,50,190
Aaliyah Nye,LVA,G-F,27,475,0,46,119,0.387,28,78,0.359,18,41,0.439,12,15,0.8,9,34,43,13,10,5,20,44,132
Arike Ogunbowale,DAL,G,24,803,24,128,347,0.369,46,142,0.324,82,205,0.4,85,92,0.924,6,53,59,104,33,6,53,64,387
Nneka Ogwumike,SEA,F,27,816,27,191,368,0.519,34,95,0.358,157,273,0.575,54,63,0.857,34,157,191,59,32,16,51,55,470
Lucy Olsen,WAS,G,23,246,0,30,69,0.435,13,33,0.394,17,36,0.472,10,11,0.909,6,18,24,23,3,2,9,23,83
Michaela Onyenwere,CHI,F,24,345,7,38,100,0.38,9,31,0.29,29,69,0.42,18,20,0.9,10,34,44,28,10,2,25,44,103
Te-Hina PaoPao,ATL,G,25,293,4,45,92,0.489,26,55,0.473,19,37,0.514,6,11,0.545,6,26,32,40,6,2,19,26,122
Robyn Parks,CON,F,6,63,0,1,5,0.2,0,4,0.0,1,1,1.0,0,0,,1,8,9,2,2,0,1,7,2
Shey Peddy,LAS,G,6,138,5,10,24,0.417,5,13,0.385,5,11,0.455,5,6,0.833,6,12,18,16,2,0,4,13,30
Haley Peters,CON,F-G,23,310,2,22,65,0.338,5,29,0.172,17,36,0.472,8,11,0.727,17,37,54,21,9,3,19,40,57
Alissa Pili,MIN,F,14,82,0,10,22,0.455,4,11,0.364,6,11,0.545,3,4,0.75,4,13,17,3,2,0,7,11,27
Kelsey Plum,LAS,G,25,880,25,150,369,0.407,63,173,0.364,87,196,0.444,142,154,0.922,4,77,81,150,35,3,81,77,505
Aerial Powers,GSV,G,2,7,0,0,2,0.0,0,0,,0,2,0.0,2,2,1.0,1,1,2,1,1,0,0,0,2
Alexis Prince,PHO,F,1,22,0,1,3,0.333,0,1,0.0,1,2,0.5,0,0,,0,8,8,1,0,0,3,1,2
JJ Quinerly,DAL,G,25,382,10,61,146,0.418,14,39,0.359,47,107,0.439,33,39,0.846,16,32,48,59,20,5,35,56,169
Angel Reese,CHI,F,23,728,23,114,257,0.444,4,20,0.2,110,237,0.464,94,119,0.79,89,200,289,85,34,15,92,78,326
Saniya Rivers,CON,G,23,606,20,68,182,0.374,16,62,0.258,52,120,0.433,28,39,0.718,18,53,71,65,36,22,36,40,180
Iliana Rupert,GSV,C,3,53,0,8,18,0.444,5,11,0.455,3,7,0.429,1,1,1.0,7,6,13,5,2,1,5,8,22
Mercedes Russell,LAS,C,20,163,0,12,27,0.444,0,0,,12,27,0.444,10,14,0.714,10,14,24,12,5,4,7,17,34
Nyara Sabally,NYL,C,15,291,10,35,71,0.493,1,7,0.143,34,64,0.531,17,25,0.68,26,48,74,13,9,16,16,36,88
Satou Sabally,PHO,F,21,580,21,121,310,0.39,37,125,0.296,84,185,0.454,99,120,0.825,30,117,147,54,27,9,47,69,378
Janelle Salaün,GSV,F,17,401,14,62,167,0.371,23,77,0.299,39,90,0.433,20,25,0.8,16,63,79,19,9,2,25,36,167
Karlie Samuelson,MIN,G,16,228,4,14,42,0.333,12,34,0.353,2,8,0.25,13,14,0.929,3,17,20,17,6,1,11,26,53
Jacy Sheldon,CON,G,25,609,17,75,153,0.49,34,77,0.442,41,76,0.539,16,18,0.889,18,29,47,50,22,5,29,63,200
Jessica Shepard,MIN,F,23,425,3,62,105,0.59,0,1,0.0,62,104,0.596,32,54,0.593,50,97,147,54,9,2,33,32,156
Jaylyn Sherrod,NYL,G,18,104,0,6,20,0.3,3,11,0.273,3,9,0.333,7,9,0.778,2,9,11,10,10,0,11,17,22
Maddy Siegrist,DAL,F,11,264,3,42,97,0.433,7,30,0.233,35,67,0.522,12,22,0.545,28,29,57,5,4,5,4,21,103
Odyssey Sims,LAS,G,12,354,11,40,96,0.417,12,34,0.353,28,62,0.452,26,34,0.765,6,29,35,42,10,1,17,27,118
Alanna Smith,MIN,F,26,688,26,98,205,0.478,32,103,0.311,66,102,0.647,19,44,0.432,42,97,139,73,31,53,41,73,247
Azura Stevens,LAS,F-C,26,752,26,140,282,0.496,46,116,0.397,94,166,0.566,55,73,0.753,53,171,224,49,36,32,42,67,381
Breanna Stewart,NYL,F,24,756,24,153,326,0.469,14,68,0.206,139,258,0.539,120,145,0.828,23,134,157,93,34,33,51,46,440
Kiah Stokes,LVA,C,26,427,18,16,46,0.348,2,19,0.105,14,27,0.519,5,8,0.625,25,99,124,15,14,11,15,41,39
Sug Sutton,WAS,G,25,625,25,68,150,0.453,28,68,0.412,40,82,0.488,23,32,0.719,6,35,41,78,24,3,40,31,187
Brittney Sykes,WAS,G,23,721,23,114,297,0.384,20,63,0.317,94,234,0.402,123,155,0.794,11,68,79,104,27,6,66,63,371
Taylor Thierry,ATL,G-F,12,24,0,1,7,0.143,1,2,0.5,0,5,0.0,1,2,0.5,1,2,3,1,2,0,0,1,4
Alyssa Thomas,PHO,F,20,630,20,128,243,0.527,0,2,0.0,128,241,0.531,57,84,0.679,33,126,159,187,29,9,68,46,313
Kayla Thornton,GSV,F,22,662,22,100,276,0.362,40,142,0.282,60,134,0.448,68,82,0.829,40,114,154,33,29,5,36,52,308
Makayla Timpson,IND,F-C,17,136,0,22,42,0.524,0,0,,22,42,0.524,10,16,0.625,14,27,41,1,9,5,5,18,54
Mamignan Touré,CON,F,3,16,0,0,4,0.0,0,2,0.0,0,2,0.0,0,0,,0,0,0,0,1,0,2,3,0
Brianna Turner,IND,F-C,14,57,0,2,10,0.2,0,0,,2,10,0.2,1,2,0.5,4,8,12,3,0,1,5,7,5
Sevgi Uzun,PHO,G,7,102,0,3,14,0.214,1,8,0.125,2,6,0.333,4,6,0.667,0,6,6,14,4,3,10,9,11
Maria Kliundikova,MIN,F,17,160,1,25,52,0.481,4,11,0.364,21,41,0.512,9,14,0.643,21,25,46,9,12,16,9,21,63
Courtney Vandersloot,CHI,G,7,191,7,29,66,0.439,5,23,0.217,24,43,0.558,11,13,0.846,2,20,22,37,11,2,17,13,74
Hailey Van Lith,CHI,G,21,290,0,32,93,0.344,4,24,0.167,28,69,0.406,21,27,0.778,4,22,26,34,10,4,29,16,89
Shatori Walker-Kimbrough,ATL,G,26,277,1,23,52,0.442,9,26,0.346,14,26,0.538,6,9,0.667,3,18,21,15,8,9,11,20,61
Kathryn Westbeld,PHO,F,24,531,23,56,152,0.368,28,91,0.308,28,61,0.459,16,20,0.8,19,54,73,28,26,18,15,47,156
Maddy Westbeld,CHI,F,14,151,0,12,43,0.279,5,15,0.333,7,28,0.25,4,4,1.0,11,15,26,8,6,5,11,19,33
Erica Wheeler,SEA,G,27,730,20,110,270,0.407,45,119,0.378,65,151,0.43,29,35,0.829,13,73,86,100,31,7,48,65,294
Sami Whitcomb,PHO,G,24,625,17,82,211,0.389,51,147,0.347,31,64,0.484,28,34,0.824,12,62,74,69,21,5,36,48,243
Courtney Williams,MIN,G,27,776,27,155,357,0.434,40,104,0.385,115,253,0.455,31,37,0.838,14,117,131,165,40,8,62,53,381
Elizabeth Williams,CHI,C-F,26,515,7,87,185,0.47,0,0,,87,185,0.47,28,51,0.549,35,71,106,43,18,22,31,42,202
Gabby Williams,SEA,F,27,876,27,135,307,0.44,36,115,0.313,99,192,0.516,40,47,0.851,17,107,124,119,68,13,55,40,346
Kiana Williams,PHO,G,6,69,0,12,24,0.5,5,14,0.357,7,10,0.7,1,2,0.5,0,7,7,7,1,0,1,2,30
A'ja Wilson,LVA,C,23,699,23,179,363,0.493,8,31,0.258,171,332,0.515,143,171,0.836,38,172,210,79,38,56,55,47,509
Jackie Young,LVA,G,27,805,27,156,348,0.448,43,134,0.321,113,214,0.528,103,112,0.92,33,82,115,121,33,9,64,72,458
Cecilia Zandalasini,GSV,F,11,240,4,34,77,0.442,19,46,0.413,15,31,0.484,15,17,0.882,2,27,29,17,9,2,15,24,102
